BOV138 18 506.73 ID62
64 102.28 2
68 102.12 2
71 102.22 5
66 101.87 3
66 102.4 1
77 101.5 5
69 102.04 4
BOV193 18 613.29 ID95
67 101.75 1
63 102.49 2
60 101.59 3
65 102.0 4
63 101.98 3
79 102.41 2
73 101.97 1
BOV198 19 555.1 ID98
68 101.86 1
63 102.14 5
72 102.36 2
69 101.67 2
64 102.38 2
71 101.56 4
65 101.65 2
BOV328 19 635.79 ID176
71 102.47 1
70 102.03 1
69 102.37 1
63 102.28 4
77 102.03 4
65 102.45 2
65 102.49 4
BOV443 19 527.89 ID245
77 102.46 1
65 101.81 5
64 101.76 1
73 102.3 5
60 102.47 2
64 102.02 3
69 101.79 4
BOV458 18 580.65 ID254
67 102.45 3
77 101.5 1
70 101.89 1
77 102.4 2
74 102.12 5
74 102.01 4
63 102.13 3
BOV498 18 645.96 ID278
67 102.37 2
75 101.67 3
64 102.15 1
64 102.19 5
70 101.74 4
62 101.72 1
66 102.15 1
BOV523 19 572.15 ID293
64 102.16 1
73 101.82 3
78 101.9 2
78 101.92 1
64 101.88 2
69 102.09 1
62 102.48 1
BOV613 18 619.73 ID347
76 101.96 3
70 102.37 1
78 102.26 4
79 101.72 3
68 101.85 3
66 102.33 1
60 102.17 3
BOV138 18 506.73 ID62
60 102.45 3
64 102.3 1
77 102.11 1
70 101.95 1
74 101.91 5
67 102.16 5
70 102.24 4
BOV193 18 613.29 ID95
77 101.75 5
60 102.36 5
78 102.18 2
62 101.86 4
64 102.2 5
75 101.82 2
78 102.09 3
BOV198 19 555.1 ID98
75 102.35 4
71 102.28 2
75 101.85 1
62 101.97 5
69 101.67 5
63 102.0 4
65 102.49 1
BOV328 19 635.79 ID176
65 101.54 5
65 101.61 3
77 102.0 3
67 101.92 5
67 101.78 4
60 101.73 4
77 102.07 1
BOV443 19 527.89 ID245
78 101.61 5
73 102.44 4
74 101.81 1
69 102.3 3
67 102.26 2
63 101.95 3
72 101.87 3
BOV458 18 580.65 ID254
76 101.85 1
65 101.93 5
77 101.84 5
70 102.27 1
76 101.82 4
74 102.21 4
77 101.55 3
BOV498 18 645.96 ID278
68 101.62 4
79 102.02 1
70 102.35 1
75 101.79 5
69 101.8 4
66 101.92 3
69 101.72 5
BOV523 19 572.15 ID293
77 101.8 3
76 102.04 1
64 101.76 5
65 102.01 5
61 102.13 5
65 102.0 1
75 102.43 2
BOV613 18 619.73 ID347
64 102.43 4
70 101.95 3
72 102.44 4
70 102.39 2
78 102.15 3
73 101.58 2
67 102.39 3
BOV138 18 506.73 ID62
79 102.0 2
76 102.09 2
71 101.67 3
73 102.4 4
66 101.56 2
73 101.69 5
76 101.97 4
BOV193 18 613.29 ID95
67 102.15 2
70 102.26 3
69 101.97 5
64 101.7 1
71 101.67 3
62 101.96 3
74 102.32 4
BOV198 19 555.1 ID98
74 102.46 1
75 101.56 2
76 102.25 3
76 102.43 3
65 101.83 2
74 102.1 3
79 101.99 3
BOV328 19 635.79 ID176
72 101.99 5
68 101.59 3
74 101.73 3
67 101.85 1
63 102.39 4
74 102.2 3
64 102.11 3
BOV443 19 527.89 ID245
64 101.94 3
79 101.72 1
65 101.85 3
61 102.46 5
72 102.24 1
69 101.82 1
79 102.44 4
BOV458 18 580.65 ID254
74 101.88 2
62 102.19 3
63 102.4 5
60 101.81 5
61 101.73 1
72 102.09 2
79 101.84 2
BOV498 18 645.96 ID278
65 102.21 1
76 101.64 5
66 101.78 3
74 101.6 3
71 101.76 2
62 102.31 1
72 102.32 1
BOV523 19 572.15 ID293
71 102.33 3
77 102.48 1
77 101.95 1
71 102.18 4
68 102.26 1
60 102.27 2
77 102.21 3
BOV613 18 619.73 ID347
74 101.9 3
61 101.77 5
71 101.83 1
73 101.69 5
66 102.22 5
69 101.66 3
68 101.59 5
BOV138 5 618.54 ID452
78 102.15 4
67 102.24 2
63 102.37 2
75 102.1 2
69 102.28 2
74 102.47 2
78 101.73 4
BOV138 5 618.54 ID452
68 102.04 3
68 102.15 1
61 101.6 2
66 102.23 3
71 102.31 4
63 102.2 4
73 102.0 1
BOV138 5 618.54 ID452
61 102.16 4
60 102.39 1
77 102.15 5
71 101.9 5
74 102.27 3
76 101.61 4
64 102.33 4
BOV138 5 618.54 ID452
60 102.34 5
64 102.23 4
69 102.17 5
61 102.4 2
66 101.92 5
76 101.94 3
68 102.24 3
BOV138 5 618.54 ID452
75 102.29 3
66 101.92 2
69 102.47 4
62 102.19 1
74 101.67 2
74 101.89 4
75 102.2 2
BOV138 5 618.54 ID452
78 101.8 3
64 102.28 1
76 101.68 1
70 102.25 1
78 102.36 3
66 102.13 1
78 101.79 5
BOV138 5 618.54 ID452
71 101.94 2
74 101.62 5
72 102.49 4
62 101.97 2
70 101.73 2
70 102.17 2
77 101.59 2
BOV138 5 618.54 ID452
71 102.39 1
60 101.87 5
62 101.65 5
78 102.08 2
60 101.8 4
67 102.48 5
65 102.31 5
BOV138 5 618.54 ID452
72 101.84 4
78 102.15 2
67 101.83 5
69 101.56 2
63 101.62 3
66 102.0 1
75 102.34 2
BOV138 5 618.54 ID452
70 102.39 3
78 101.53 5
61 102.44 4
64 101.76 2
69 102.25 2
77 102.44 2
64 102.04 2
